version https://git-lfs.github.com/spec/v1
oid sha256:f1a922070ea1f43d585f9276f9eed4390dc15366750a96f9c328d4dbd523223f
size 29929
